463
750
695
2957
1385
2524
2060
4963
1738
4970
292
4761
1297
3528
3223
4170
3047
4457
3644
4112
2197
294
224
2982
3808
2608
3113
3470
4306
1347
4591
1453
1934
1889
195
1447
2663
1422
1119
4179
4179
2946
4208
4586
1489
3650
3396
4303
2983
4861
2898
2964
3651
1320
3275
3779
4344
2047
4014
2286
4080
4102
4222
2899
3724
3776
2873
4650
4567
3740
3986
1817
2659
1360
2196
3930
2535
2484
4130
4605
4241
4156
4816
3331
2554
1702
4005
4193
3003
617
2797
68
1567
869
481
4705
400
2237
4847
1856
870
4279
1118
2177
2005
1724
494
3464
261
465
2968
2950
1408
2043
192
679
943
552
207
334
173
3056
2094
1046
1287
1505
4285
15
3158
4828
353
2030
1240
297
34
2819
926
2343
2762
4003
252
2526
3675
4517
4957
374
2162
3291
1257
3873
1847
765
2591
835
198
3668
1044
4245
4791
3219
3988
4217
2686
1178
2793
2122
2144
4964
3438
147
4570
1151
465
2072
274
1078
1320
1398
785
3714
1897
4163
257
2021
1904
3642
602
2054
658
4843
1869
2947
2102
3465
2283
4310
39
1237
290
3151
3348
1312
910
4194
719
1973
834
817
162
1488
1896
861
1780
200
4265
3804
3718
2537
4387
3112
1740
1721
3553
3486
4190
174
4760
4844
419
3424
4301
4762
1484
768
3930
2999
159
4253
971
3002
2372
3049
2525
156
3377
828
860
2506
1625
128
3698
491
3364
3980
3795
1705
4822
604
43
2329
197
3054
2505
627
1795
4017
1575
948
4682
3058
3209
3794
1144
2825
3236
997
2082
997
1007
659
2740
3203
1736
863
202
3853
353
4079
2381
2929
3744
1158
3071
2203
3966
4311
3912
3432
4031
2431
3233
1897
1281
4004
4886
2125
4493
3503
690
4799
4716
786
582
2916
1442
4466
1200
3414
547
705
307
1052
2427
3199
1898
2698
3595
1413
4292
2351
918
1278
4430
3471
787
2693
4231
2036
4212
2107
1389
1290
3776
1920
3310
2937
4697
1185
3822
3614
240
4875
3139
1478
3218
4179
438
3952
2244
3317
2078
3376
3870
2949
4485
2709
666
1843
4365
1539
3299
3133
95
2563
3805
4289
3819
1453
773
140
3300
1773
4663
4967
3160
1765
822
3194
4568
1634
2247
4802
4753
1568
4012
1129
69
3558
3949
2078
4206
4637
1421
3826
1679
596
2869
24
3976
4367
536
4846
3973
2743
3762
2186
4119
3770
225
653
2847
1422
3313
2091
1104
443
1331
4091
3126
3806
2415
1276
85
2315
4566
3828
14
3002
278
4407
3132
4622
3627
1674
2526
4081
1092
3963
4411
2479
628
2113
2564
2491
2733
2557
3219
4244
761
4165
1725
3204
4884
4345
1225
4134
730
2523
335
1908
3748
4598
1901
4281
2273
501
916
917
3106
2986
1750
2608
2917
633
2741
3746
2971
1363
4076
3620
2391
3777
1096
3620
1768
2236
2672
1302
815
1948
3841
1552
3062
1518
2917
1148
1109
1910
2200
4510
3096
3278
2803
2299
4875
4117
4758
2625
3272
2388
4357
595
3010
0
1
2
3
4
5
6
7
8
9
10
11
12
13
